2.345e+001 1.943e+001 1.751e+001 1.3e+001 1.084e+001 8.6e+000
7.4e-001 6.4e-001 5.8e-001 2.2e-001 1e-009 1e-009
3.141e+001 2.51e+001 2.337e+001 1.665e+001 8.64e+000 6.28e+000
1.541e+001 3.102e+001 3.665e+001 2.353e+001 1.808e+001 7.3e+000
3.41e+000 3.98e+000 1.46e+000 1.9e-001 9e-002 2.9e-001
0e+000 0e+000 1e+000 1.333e+000 1.333e+000 3.333e-001
0e+000 0e+000 1e+000 1.333e+000 1.333e+000 3.333e-001
0e+000 0e+000 1e+000 1.333e+000 1.333e+000 3.333e-001
0e+000 0e+000 0e+000 0e+000 0e+000 0e+000
2.835e+001 2.341e+001 1.812e+001 1.764e+001 1.212e+001 6.81e+000
1.41e+000 1.4e+000 4e-001 1e-001 5e-002 5e-002
1.823e+001 1.083e+001 7.79e+000 8.46e+000 5.78e+000 2.11e+000
1.829e+001 3.289e+001 3.666e+001 3.105e+001 1.836e+001 1.009e+001
1.08e+000 1.7e+000 8.7e-001 3e-001 3e-001 1e-009
0e+000 0e+000 1e+000 1.333e+000 1.333e+000 3.333e-001
0e+000 0e+000 1e+000 1.333e+000 1.333e+000 3.333e-001
0e+000 0e+000 1e+000 1.333e+000 1.333e+000 3.333e-001
0e+000 0e+000 0e+000 0e+000 0e+000 0e+000
2.284e+001 1.885e+001 1.742e+001 1.211e+001 1.061e+001 9.11e+000
6.6e-001 6.8e-001 6.5e-001 1.8e-001 1e-001 7e-002
3.305e+001 2.716e+001 2.568e+001 1.822e+001 9.15e+000 7.47e+000
1.505e+001 3.075e+001 3.665e+001 2.209e+001 1.804e+001 6.51e+000
3.7e+000 4.31e+000 1.54e+000 2.2e-001 1e-001 1e-001
0e+000 0e+000 1e+000 1.333e+000 1.333e+000 3.333e-001
0e+000 0e+000 1e+000 1.333e+000 1.333e+000 3.333e-001
0e+000 0e+000 1e+000 1.333e+000 1.333e+000 3.333e-001
0e+000 0e+000 0e+000 0e+000 0e+000 0e+000
2.098e+001 1.929e+001 1.683e+001 1.656e+001 1.563e+001 1.308e+001
1.54e+000 2.31e+000 1.7e+000 6.3e-001 4.1e-001 1.1e-001
1.278e+001 7.28e+000 6.25e+000 7.79e+000 8.72e+000 8.22e+000
2.142e+001 3.508e+001 4.126e+001 3.534e+001 2.518e+001 1.366e+001
4.1e-001 1.19e+000 9.3e-001 2.5e-001 2e-002 1e-002
0e+000 0e+000 1e+000 1.333e+000 1.333e+000 3.333e-001
0e+000 0e+000 1e+000 1.333e+000 1.333e+000 3.333e-001
0e+000 0e+000 1e+000 1.333e+000 1.333e+000 3.333e-001
0e+000 0e+000 0e+000 0e+000 0e+000 0e+000
7.62e+000 7.02e+000 8.18e+000 7.89e+000 7.3e+000 5.95e+000
7.4e-001 6.4e-001 5.8e-001 2.2e-001 1e-009 1e-009
8.68e+000 4.79e+000 3.28e+000 4.53e+000 1.48e+000 1.65e+000
5.235e+001 6.888e+001 7.046e+001 6.186e+001 5.191e+001 3.849e+001
3.41e+000 3.98e+000 1.46e+000 1.9e-001 9e-002 2.9e-001
NAN NAN NAN NAN NAN NAN
NAN NAN NAN NAN NAN NAN
NAN NAN NAN NAN NAN NAN
0e+000 0e+000 0e+000 0e+000 0e+000 0e+000
2.515e+001 1.787e+001 1.866e+001 1.573e+001 1.847e+001 1.72e+001
4.07e+000 4.5e+000 4.3e+000 3.14e+000 2.31e+000 4.9e-001
1.185e+001 1.246e+001 1.816e+001 1.095e+001 1.83e+001 7.03e+000
8.35e+000 1.222e+001 1.205e+001 8.65e+000 8.7e+000 4.17e+000
3.6e-001 4e-001 1e-009 1e-009 1e-009 1e-009
0e+000 0e+000 1e+000 1.333e+000 1.333e+000 3.333e-001
0e+000 0e+000 1e+000 1.333e+000 1.333e+000 3.333e-001
0e+000 0e+000 1e+000 1.333e+000 1.333e+000 3.333e-001
0e+000 0e+000 0e+000 0e+000 0e+000 0e+000
2.426e+001 2.356e+001 1.854e+001 1.354e+001 9.35e+000 4.49e+000
6e-002 1.5e-001 1e-002 1e-009 1e-009 1e-009
3.749e+001 3.226e+001 2.474e+001 2e+001 1.139e+001 3.03e+000
1.255e+001 1.717e+001 1.643e+001 9.21e+000 6.43e+000 7.35e+000
3.9e-001 3.3e-001 1.6e-001 1e-009 1e-009 1e-009
0e+000 0e+000 1.667e-001 3.333e-001 3.333e-001 6.667e-002
0e+000 0e+000 1.667e-001 3.333e-001 3.333e-001 6.667e-002
0e+000 0e+000 1.667e-001 3.333e-001 3.333e-001 6.667e-002
0e+000 0e+000 0e+000 0e+000 0e+000 0e+000
2.391e+001 2.547e+001 1.927e+001 1.705e+001 1.145e+001 3.96e+000
2.3e-001 2e-001 1e-002 1e-009 1e-009 1e-009
2.169e+001 1.182e+001 1.008e+001 7.86e+000 8.46e+000 1.88e+000
1.837e+001 3.404e+001 2.539e+001 1.733e+001 8.45e+000 7e+000
1.7e-001 6e-002 8.6e-001 1e-009 1e-009 1e-009
0e+000 0e+000 1.667e-001 3.333e-001 3.333e-001 6.667e-002
0e+000 0e+000 1.667e-001 3.333e-001 3.333e-001 6.667e-002
0e+000 0e+000 1.667e-001 3.333e-001 3.333e-001 6.667e-002
0e+000 0e+000 0e+000 0e+000 0e+000 0e+000
2.431e+001 2.332e+001 1.842e+001 1.285e+001 8.93e+000 4.66e+000
3e-002 1.7e-001 1e-002 1e-009 1e-009 1e-009
3.966e+001 3.482e+001 2.712e+001 2.24e+001 1.197e+001 3.39e+000
1.175e+001 1.506e+001 1.498e+001 7.61e+000 6.03e+000 7.45e+000
4.2e-001 3.6e-001 5e-002 1e-009 1e-009 1e-009
0e+000 0e+000 1.667e-001 3.333e-001 3.333e-001 6.667e-002
0e+000 0e+000 1.667e-001 3.333e-001 3.333e-001 6.667e-002
0e+000 0e+000 1.667e-001 3.333e-001 3.333e-001 6.667e-002
0e+000 0e+000 0e+000 0e+000 0e+000 0e+000
2.377e+001 2.331e+001 1.857e+001 1.764e+001 1.532e+001 9e+000
5.5e-001 8.3e-001 7.2e-001 2.2e-001 1e-001 5e-002
1.522e+001 9.84e+000 9.82e+000 1.057e+001 1.114e+001 8.41e+000
1.945e+001 2.982e+001 3.415e+001 2.557e+001 1.867e+001 9.66e+000
8e-002 1.2e-001 4e-002 4e-002 1e-002 1e-002
0e+000 0e+000 1.667e-001 3.333e-001 3.333e-001 6.667e-002
0e+000 0e+000 1.667e-001 3.333e-001 3.333e-001 6.667e-002
0e+000 0e+000 1.667e-001 3.333e-001 3.333e-001 6.667e-002
0e+000 0e+000 0e+000 0e+000 0e+000 0e+000
9.19e+000 1.031e+001 8.8e+000 8.3e+000 6.79e+000 6.21e+000
6e-002 1.5e-001 1e-002 1e-009 1e-009 1e-009
7.74e+000 5.68e+000 5.23e+000 4.28e+000 3.97e+000 3.82e+000
5.862e+001 6.21e+001 6.231e+001 5.389e+001 4.397e+001 2.828e+001
3.9e-001 3.3e-001 1.6e-001 1e-009 1e-009 1e-009
NAN NAN NAN NAN NAN NAN
NAN NAN NAN NAN NAN NAN
NAN NAN NAN NAN NAN NAN
0e+000 0e+000 0e+000 0e+000 0e+000 0e+000
3.075e+001 3.055e+001 2.398e+001 2.229e+001 2.31e+001 1.37e+001
4.32e+000 4.74e+000 3.76e+000 3.37e+000 1.87e+000 4.7e-001
1.115e+001 1.273e+001 1.33e+001 1.217e+001 9.18e+000 9.51e+000
9.1e+000 1.09e+001 8.92e+000 7.76e+000 5.87e+000 5.4e+000
3.6e-001 4e-001 1e-009 1e-009 1e-009 1e-009
0e+000 0e+000 1.667e-001 3.333e-001 3.333e-001 6.667e-002
0e+000 0e+000 1.667e-001 3.333e-001 3.333e-001 6.667e-002
0e+000 0e+000 1.667e-001 3.333e-001 3.333e-001 6.667e-002
0e+000 0e+000 0e+000 0e+000 0e+000 0e+000
